"Reconstruction.MSE"
0.00244278914617148
0.000409552238986674
0.00401178905855109
0.00321611405559273
0.00273840387481155
0.00207948894386264
0.00563486790137913
0.0120383553939232
0.00407487268191043
0.001905921829259
0.00660736526830692
0.000867988561024255
0.00249557254184945
0.000333093262949998
0.00216319804601995
0.000517763206425076
0.00151212280684161
0.000360828395857318
0.0025332581605648
0.00165472378233937
0.00537178445813984
0.0010651280031436
0.00111148907483409
0.000913466359861734
0.00156346885385157
0.00128519069392305
0.00449634264528002
0.0051964636628082
0.00262385616707357
0.00179463104169768
0.00441202728506291
0.00477272167364484
0.00103477304811803
0.00453049556876705
0.00120705069611754
0.00032751679354995
0.000743805277566012
0.00225105089271262
0.00188963061961566
0.00378458938447083
0.000381497974807015
0.00245677033256892
0.00204365595383689
0.0234300100330311
0.00369166839255809
0.0022339630685741
0.000500615345090015
0.000767339403900161
0.000777765817212068
0.000364770220109278
0.000643240454322212
0.0105246837422323
0.00307258082064941
0.00256460147752364
0.00043142989109996
0.000381161874990961
0.000905317434037483
0.00090361218647418
0.000833839638874337
0.000244865737410357
0.000207739333783647
0.00168720079517881
0.00254911337595009
0.00460679316761963
0.000299208518974073
0.00221962919205756
0.000353765430016522
0.00149837417047727
0.00227883486947212
0.0002797201353458
0.00159374147023199
0.000646490273316586
4.81279339894523e-05
0.00643587195293612
0.000923699801801583
0.0014039837451491
0.00059710717079077
0.00171272404708182
0.000190294352571195
0.000841661031082623
0.000321814847317788
0.000777485215117935
0.000555603783360197
0.00240178744047504
0.00276419513132351
0.00164799750506292
0.000658725143613051
0.0017199614259189
0.00525348932465781
0.00168613293440485
0.00192107578271554
0.00410825111963171
0.00417091522925972
0.00132230858051158
0.000262959938781227
0.0012615708848004
0.000492529323609508
0.0011020255070507
0.00147422544890728
0.00200208405702931
