"Reconstruction.MSE"
0.10241524621665
0.0154574513491382
0.169518480495806
0.135488927203731
0.115058143284896
0.0868775661971388
0.23893457095221
0.512799928130043
0.172216450791445
0.0794544206236371
0.280526490833101
0.0350639278549953
0.104672694759688
0.0121874418728775
0.0904576502041802
0.0200854349725282
0.0626123622833664
0.013373622386056
0.106284439210187
0.0687111431639528
0.227682976999041
0.0434952184279397
0.0454779960116309
0.0370089294868076
0.0648083380731883
0.0529068940940514
0.190241944273292
0.220184829733178
0.110159148958744
0.0746947187703
0.186635931726485
0.202062165895919
0.0421969929516073
0.191702601860323
0.0495649904151891
0.0119489465551599
0.029752837715535
0.0942149545272685
0.078757675615073
0.159801569208773
0.014257622179663
0.103013195788811
0.0853450552609373
1
0.155827509656204
0.0934841397850619
0.0193520525500857
0.0307593489208547
0.0312052674002885
0.0135422069437602
0.0254518655860107
0.448062981579751
0.129350275304994
0.107624935104661
0.0163931182052371
0.014243247810028
0.0366604149493664
0.0365874846541883
0.0336034413977773
0.00841411322611057
0.00682628537421019
0.0701001251416172
0.106962537547956
0.194965709531869
0.0107382538292292
0.0928711063065838
0.0130715523554709
0.0620243584474861
0.0954032240019762
0.00990477158234579
0.0661030420774333
0.0255908543543489
0
0.273192037830371
0.0374465949363425
0.0579874539361918
0.023478830082024
0.07119170758117
0.00608019568226158
0.0339379479261721
0.011705084824611
0.031193266565927
0.0217038067004685
0.100661678838166
0.11616118778759
0.0684234726826819
0.0261141172056729
0.0715012369341288
0.222623712181052
0.0700544547045907
0.0801025272812771
0.173643985049803
0.176324013516399
0.0544943576879277
0.00918796886759511
0.0518967183937978
0.0190062283154815
0.0450732566607391
0.0609915621367487
0.0835671018596037
