"y" "LM_yfitOOB" "LM_ResOOB" "LM_yfitPred" "LM_ResPred" "LM_MSE" "LM_Rsq100" "LPerm"
-0.233359574355584 -0.225248224647154 -0.00811134970843028 -0.232130935685523 -0.00122863867006179 0.00203782541412827 0.565543593233047 1
-0.233359574355584 -0.220217492075375 -0.0131420822802095 -0.231663807672029 -0.00169576668355503 0.00308547276574485 0.548336706395903 1
-0.172029857047941 -0.17915659734619 0.00712674029824936 -0.173617274564254 0.00158741751631328 0.0030940489509558 0.515163316262362 1
-0.0493704224326532 -0.135287278660929 0.0859168562282757 -0.0482327561765962 -0.00113766625605703 0.00345287078366778 0.444041386721545 1
-0.233359574355584 -0.212881488822748 -0.0204780855328364 -0.230314553891261 -0.00304502046432328 0.00356598242034705 0.443157330017321 1
-0.233359574355584 -0.213619071597186 -0.0197405027583981 -0.229758497787672 -0.00360107656791253 0.00333832724877004 0.467266602596906 1
0.0426241535288124 -0.120066480920954 0.162690634449767 0.00264331081595945 0.039980842712853 0.00246256787995972 0.438506426443571 1
-0.202694715701763 -0.17217359857288 -0.0305211171288821 -0.197577772954396 -0.00511694274736685 0.00334350648883974 0.476073383517877 1
-0.233359574355584 -0.152924447563133 -0.0804351267924514 -0.224375792931971 -0.00898378142361353 0.00333535351258411 0.477350952823673 1
-0.233359574355584 -0.227275277003636 -0.00608429735194876 -0.232610329642477 -0.000749244713107028 0.00419348291823031 0.358572426049439 1
-0.141364998394119 -0.137304743961252 -0.00406025443286717 -0.139055934537486 -0.00230906385663293 0.00362150523844598 0.43872204672598 1
0.0426241535288124 -0.146475808169756 0.189099961698568 0.0248140036226729 0.0178101499061396 0.00334053086383341 0.271061315258498 1
-0.141364998394119 -0.189163238391028 0.0477982399969096 -0.14975592588376 0.00839092748964093 0.00282952009227891 0.417972339144577 1
-0.172029857047941 -0.170265410815876 -0.0017644462320652 -0.168758938791534 -0.00327091825640705 0.00272294328158591 0.439895015006942 1
-0.202694715701763 -0.183039393106292 -0.0196553225954706 -0.200810871218464 -0.0018838444832989 0.00263505066214081 0.466940220520469 1
-0.233359574355584 -0.227192530559649 -0.00616704379593527 -0.2327145901619 -0.000644984193684028 0.00305133717241307 0.372344928107434 1
-0.202694715701763 -0.226971062136038 0.0242763464342756 -0.202642585442052 -5.21302597105144e-05 0.0027239089331949 0.321410062703061 1
-0.233359574355584 -0.220263124305515 -0.0130964500500699 -0.231406222859337 -0.00195335149624712 0.00248961265091029 0.357160358842712 1
-0.233359574355584 -0.231702014428351 -0.00165755992723363 -0.233020216586484 -0.000339357769100934 0.000492376987918802 0.564224559653985 1
-0.233359574355584 -0.223786155068538 -0.00957341928704689 -0.232151378924625 -0.00120819543095924 0.000496438899989997 0.539418602152762 1
-0.233359574355584 -0.218328551759032 -0.0150310225965528 -0.230839945136197 -0.00251962921938767 0.00242913830866118 0.38226079880816 1
-0.233359574355584 -0.14979783452392 -0.0835617398316646 -0.232331279428728 -0.0010282949268568 3.788814742965 -0.0443826727336227 1
-0.202694715701763 -0.208949373379566 0.00625465767780334 -0.203137311828334 0.000442596126571299 0.000898980888002283 0.308931653178601 1
-0.202694715701763 -0.212624288980143 0.00992957327838043 -0.203492002026763 0.000797286325000535 0.00273675256940598 0.296048989402411 1
-0.233359574355584 -0.205020134149677 -0.028339440205907 -0.230740795426549 -0.00261877892903503 0.000820582555308885 0.23868766049389 1
-0.110700139740297 -0.219487376393141 0.108787236652844 -0.118827349445514 0.00812720970521692 0.00277317081257722 0.277704538684593 1
-0.202694715701763 -0.216615588043021 0.0139208723412588 -0.203275303692276 0.00058058799051347 0.00290021192814961 0.228177978566472 1
-0.233359574355584 -0.210149448581399 -0.0232101257741858 -0.230626313287575 -0.00273326106800945 0.00303129624872651 0.193293022641732 1
-0.233359574355584 -0.21751606405111 -0.0158435103044746 -0.230792925686261 -0.00256664866932355 0.00273972241809727 0.286416451925416 1
-0.233359574355584 -0.224435314208895 -0.00892426014668915 -0.232464160482894 -0.000895413872690209 0.00262682009080362 0.315822804468251 1
-0.233359574355584 -0.233359574355584 2.77555756156289e-17 -0.232063472996484 -0.00129610135910016 0.0584276323870107 0.0858247936675939 1
-0.233359574355584 -0.231000739074521 -0.00235883528106318 -0.23295173173549 -0.00040784262009444 0.0578843556294018 0.0943250549599386 1
-0.233359574355584 -0.211638632809127 -0.0217209415464572 -0.231974544906388 -0.00138502944919625 0.0585559763368705 0.0809305663108317 1
-0.233359574355584 -0.230411030254255 -0.00294854410132897 -0.232948665249625 -0.000410909105959867 0.0593000789460583 0.0692514516172513 1
-0.233359574355584 -0.188860282343573 -0.0444992920120116 -0.226728809752674 -0.00663076460291034 0.0629763882070955 0.0115496817557156 1
-0.141364998394119 -0.165506058687275 0.0241410602931559 -0.140540113696331 -0.000824884697787964 0.0643894381385616 -0.0106289425543933 1
-0.110700139740297 -0.176676047753065 0.0659759080127683 -0.121818195326217 0.0111180555859199 0.0716015472022695 -0.123827106218396 1
-0.0800352810864751 0.053736043170036 -0.133771324256511 -0.066021440681678 -0.014013840404797 0.0780079408506229 -0.22288100293433 1
0.993234771797291 -0.135477345532585 1.12871211732988 0.848518104352309 0.144716667444982 0.0728110474343094 -0.147429536761468 1
-0.172029857047941 -0.0728449004366134 -0.0991849566113273 -0.16507813359112 -0.00695172345682091 0.086972545816083 -0.370600636486507 1
-0.202694715701763 -0.188159572699851 -0.0145351430019116 -0.201669487260771 -0.0010252284409917 0.0767650459403412 0.132772024135403 1
-0.233359574355584 -0.202234742821955 -0.0311248315336292 -0.231614743898183 -0.00174483045740115 0.0614954991717981 0.0297556423160501 1
-0.202694715701763 -0.215964568226363 0.0132698525246004 -0.204217737014903 0.00152302131314089 0.0655809121498455 -0.0353090149900255 1
-0.202694715701763 0.0303582100672837 -0.233052925769046 -0.154153266614718 -0.0485414490870449 0.0659068845506828 -0.0404550575527411 1
-0.172029857047941 -0.178063909879822 0.00603405283188113 -0.172571602884159 0.000541745836218077 0.069281993369551 -0.0937370335454282 1
1.4225427929508 0.924238839826191 0.498303953124606 1.56613406008319 -0.143591267132397 0.3201980310245 0.527199545588647 1
-0.233359574355584 -0.214034324891457 -0.0193252494641273 -0.230332952806454 -0.00302662154913091 0.315791708372899 0.53370586714626 1
-0.202694715701763 -0.231965717144047 0.0292710014422845 -0.205286918419967 0.00259220271820412 0.385734610089444 0.43374800021771 1
-0.202694715701763 -0.101309026777564 -0.101385688924199 -0.189575267007703 -0.0131194486940593 0.307040488009836 0.546089733992301 1
-0.233359574355584 -0.213948325688502 -0.0194112486670829 -0.231038244555491 -0.00232132980009297 0.333191799958954 0.507429200848235 1
-0.202694715701763 0.236715672774919 -0.439410388476682 -0.144198431333732 -0.058496284368031 0.415560133868766 0.385660789789639 1
3.41575860544922 0.603416274176873 2.81234233127235 3.25658959012067 0.159169015328551 2.74862526938482 0.31155031117947 1
-0.110700139740297 0.129612459005506 -0.240312598745803 -0.0619859452828351 -0.0487141944574619 2.71320173085081 0.317085190396294 1
-0.233359574355584 -0.0454320925467212 -0.187927481808863 -0.187979672195749 -0.0453799021598355 3.03842925245918 0.235225191387882 1
0.533261891989962 0.415763128709098 0.117498763280864 0.608171030871473 -0.0749091388815103 2.94301615251175 0.258549881286855 1
-0.0493704224326532 0.122210819090537 -0.17158124152319 -0.0355364825319592 -0.0138339399006941 3.02804345892216 0.237128488007022 1
-0.172029857047941 -0.07480831654321 -0.0972215405047307 -0.15128099152081 -0.020748865527131 3.31007029964748 0.159964121054468 1
-0.172029857047941 -0.147078621630472 -0.0249512354174688 -0.171801914931948 -0.000227942115992863 3.16532602000796 0.202542143271048 1
-0.233359574355584 -0.203696434417787 -0.029663139937797 -0.221291930313352 -0.0120676440422329 2.86946628221006 0.282772145917828 1
-0.172029857047941 -0.103033925076841 -0.0689959319710993 -0.164951385508684 -0.00707847153925681 3.13941671791323 0.211890128459591 1
0.625256467951428 0.981167002592368 -0.35591053464094 0.592999080971518 0.0322573869799097 2.98293442411852 0.249566059446745 1
0.410602457374675 0.0730818171917301 0.337520640182945 0.371020257824321 0.0395821995503538 3.73156810885175 0.0534911081595796 1
-0.0187055637788313 0.0931514774470416 -0.111857041225873 0.000103238357467871 -0.0188088021362992 3.77205213190186 0.0432223721546 1
8.93543316313716 0.226941857508749 8.70849130562841 8.29490866206194 0.640524501075214 3.94162999046132 -0.108263151026742 1
-0.202694715701763 0.342260709054857 -0.54495542475662 -0.17595087030781 -0.0267438453939527 3.68636580906137 0.0761131508452916 1
-0.141364998394119 -0.190230018526737 0.048865020132618 -0.146241733082032 0.00487673468791294 3.33023573237646 0.172388941269639 1
-0.233359574355584 0.122330565116681 -0.355690139472266 -0.162947948076634 -0.0704116262789506 3.41522409602114 0.148885325912856 1
-0.233359574355584 -0.172029857047941 -0.0613297173076437 -0.207811658449131 -0.0255479159064531 3.93111896602007 -0.100597886572041 1
-0.202694715701763 0.133264364899734 -0.335959080601497 -0.171661878744095 -0.0310328369576672 3.74415464337315 -0.0490578932102641 1
-0.202694715701763 -0.219464560278071 0.0167698445763088 -0.20379047331766 0.00109575761589764 3.73199167705273 0.0800086072092534 1
-0.233359574355584 -0.201599542178412 -0.0317600321771727 -0.229340433548025 -0.00401914080755969 0.364093579443986 0.487441785429991 1
-0.233359574355584 -0.224773413932514 -0.00858616042307006 -0.232787163660715 -0.000572410694869963 0.372404854496203 0.474641933167561 1
-0.202694715701763 -0.189704740855352 -0.0129899748464106 -0.202793865411411 9.91497096483607e-05 0.0739700386675005 0.164347703796121 1
-0.233359574355584 -0.209181512724687 -0.0241780616308979 -0.231033133745716 -0.00232644060986859 0.0159424614313239 0.00915350839552187 1
-0.202694715701763 -0.212130056826015 0.00943534112425276 -0.20298705402093 0.000292338319167557 0.0158310877333277 0.0341476229057461 1
-0.202694715701763 -0.196887965871571 -0.00580674983019186 -0.201430301363271 -0.0012644143384915 0.0160739634198677 0.0193298123336221 1
-0.233359574355584 -0.221246955187325 -0.0121126191682598 -0.231656652538344 -0.00170292181724094 0.0164766896894842 -0.0240495322763585 1
-0.233359574355584 -0.20428692951648 -0.0290726448391044 -0.228041265703058 -0.00531830865252655 0.0154350585860493 0.0468542645560099 1
-0.233359574355584 -0.222243563093574 -0.0111160112620106 -0.230810302439498 -0.00254927191608645 0.0156296333897445 0.0348388813079976 1
-0.233359574355584 -0.0432374507018888 -0.190122123653696 -0.228227299178891 -0.00513227517669337 0.0201225710177357 0.00677904540584107 1
-0.172029857047941 -0.167552787684483 -0.00447706936345796 -0.174569929506433 0.00254007245849219 0.0187182624966917 0.0760936796335815 1
-0.141364998394119 -0.018440558827502 -0.122924439566617 -0.131191420454735 -0.0101735779393834 0.0301547631274574 0.0829384587500054 1
-0.202694715701763 -0.174585261935759 -0.0281094537660034 -0.200446981562438 -0.00224773413932416 0.0199585907855822 -0.00241328618884529 1
0.349272740067031 -0.081895615844807 0.431168355911838 0.290460607654867 0.0588121324121644 3.5129254552106 0.0183482250195124 1
-0.141364998394119 -0.0957510211465588 -0.04561397724756 -0.138745197303127 -0.00261980109099175 3.61053568774118 -0.0130746292852812 1
-0.0493704224326532 0.179593855515884 -0.228964277948537 -0.0299319685319957 -0.0194384539006575 3.56389805998267 0.0941784740553956 1
-0.0493704224326532 0.0322376691460663 -0.0816080915787195 -0.0518910738139972 0.002520651381344 3.55431071678259 0.00678352887148737 1
-0.202694715701763 -0.0933574585683021 -0.10933725713346 -0.197596171869588 -0.00509854383217462 3.88712272859335 -0.0934390473843025 1
0.195948446797922 1.47694285347442 -1.28099440667649 0.299000770789958 -0.103052323992036 3.80764309773269 -0.0715745525068641 1
-0.202694715701763 -0.187703007026561 -0.0149917086752017 -0.201055167925739 -0.00163954777602324 0.00277395687619142 0.387239158721991 1
-0.202694715701763 -0.18462649996554 -0.0180682157362225 -0.201967958551668 -0.000726757150094459 0.002709657596039 0.382167151981553 1
-0.110700139740297 -0.141966270132429 0.0312661303921321 -0.115206851800453 0.00450671206015568 0.00262529852047229 0.411868726713616 1
-0.172029857047941 -0.149542294035138 -0.0224875630128027 -0.171410426903134 -0.000619430144806643 0.00274894843341016 0.392763467542082 1
-0.141364998394119 -0.104141267194896 -0.0372237311992227 -0.140944889830561 -0.000420108563557342 0.00290307289469857 0.400551176801401 1
-0.141364998394119 -0.152404347509495 0.0110393491153759 -0.141543876736266 0.000178878342147221 0.013722358990409 0.161660260791815 1
-0.202694715701763 -0.178700808755088 -0.0239939069466746 -0.201098098727855 -0.00159661697390795 0.00294154542219218 0.399519739458938 1
-0.172029857047941 -0.112651539836449 -0.0593783172114915 -0.167105080748137 -0.00492477629980323 0.0154482510653925 0.153481578088246 1
-0.172029857047941 -0.174284626066604 0.00225476901866334 -0.172091186765249 6.13297173082394e-05 0.0138971825763021 0.214477919594591 1
-0.202694715701763 -0.184806881487033 -0.0178878342147294 -0.202342069827245 -0.000352645874517804 0.0204345356289167 -0.0319036378694524 1
-0.172029857047941 0.0661338784967426 -0.238163735544683 -0.162626989222724 -0.00940286782521646 3.88009276644801 -0.0768890484131683 1
